x	y
-45.172	-40.969
-40.668	-40.969
-36.168	-40.969
-31.671	-40.969
-27.171	-40.969
-22.670	-40.969
-18.169	-40.969
-13.670	-40.969
-9.170	-40.969
-4.670	-40.969
-0.171	-40.969
4.319	-40.969
8.819	-40.969
13.319	-40.969
17.819	-40.969
22.319	-40.969
26.818	-40.969
31.318	-40.969
35.818	-40.969
40.319	-40.969
44.819	-40.969
-45.171	-36.470
-40.670	-36.470
-36.171	-36.470
-31.670	-36.470
-27.170	-36.470
-22.669	-36.470
-18.170	-36.470
-13.669	-36.470
-9.170	-36.470
-4.668	-36.470
-0.169	-36.470
4.318	-36.470
8.819	-36.470
13.318	-36.470
17.819	-36.470
22.320	-36.470
26.820	-36.470
31.318	-36.470
35.820	-36.470
40.320	-36.470
44.819	-36.470
-45.166	-31.969
-40.671	-31.969
-36.170	-31.969
-31.670	-31.969
-27.171	-31.969
-22.670	-31.969
-18.171	-31.969
-13.670	-31.969
-9.169	-31.969
-4.669	-31.969
-0.169	-31.969
4.318	-31.969
8.819	-31.969
13.320	-31.969
17.819	-31.969
22.320	-31.969
26.819	-31.969
31.320	-31.969
35.819	-31.969
40.320	-31.969
44.821	-31.969
-45.166	-27.464
-40.672	-27.464
-36.169	-27.464
-31.672	-27.464
-27.171	-27.464
-22.669	-27.464
-18.168	-27.464
-13.669	-27.464
-9.170	-27.464
-4.669	-27.464
-0.169	-27.464
4.321	-27.464
8.819	-27.464
13.319	-27.464
17.820	-27.464
22.320	-27.464
26.820	-27.464
31.321	-27.464
35.818	-27.464
40.320	-27.464
44.820	-27.464
-45.166	-22.967
-40.670	-22.967
-36.170	-22.967
-31.669	-22.967
-27.170	-22.967
-22.668	-22.967
-18.168	-22.967
-13.670	-22.967
-9.169	-22.967
-4.671	-22.967
-0.171	-22.967
4.320	-22.967
8.819	-22.967
13.318	-22.967
17.820	-22.967
22.320	-22.967
26.820	-22.967
31.318	-22.967
35.819	-22.967
40.318	-22.967
44.820	-22.967
-45.167	-18.467
-40.671	-18.467
-36.169	-18.467
-31.670	-18.467
-27.169	-18.467
-22.669	-18.467
-18.168	-18.467
-13.671	-18.467
-9.169	-18.467
-4.668	-18.467
-0.169	-18.467
4.320	-18.467
8.819	-18.467
13.320	-18.467
17.818	-18.467
22.320	-18.467
26.820	-18.467
31.320	-18.467
35.820	-18.467
40.318	-18.467
44.819	-18.467
-45.167	-13.964
-40.672	-13.964
-36.170	-13.964
-31.670	-13.964
-27.171	-13.964
-22.670	-13.964
-18.168	-13.964
-13.669	-13.964
-9.169	-13.964
-4.668	-13.964
-0.168	-13.964
4.319	-13.964
8.819	-13.964
13.319	-13.964
17.819	-13.964
22.320	-13.964
26.819	-13.964
31.320	-13.964
35.819	-13.964
40.319	-13.964
44.819	-13.964
-45.169	-9.466
-40.670	-9.466
-36.171	-9.466
-31.671	-9.466
-27.171	-9.466
-22.669	-9.466
-18.170	-9.466
-13.669	-9.466
-9.169	-9.466
-4.668	-9.466
-0.170	-9.466
4.318	-9.466
8.819	-9.466
13.320	-9.466
17.821	-9.466
22.320	-9.466
26.820	-9.466
31.318	-9.466
35.821	-9.466
40.319	-9.466
44.820	-9.466
-45.167	-4.966
-40.670	-4.966
-36.170	-4.966
-31.670	-4.966
-27.171	-4.966
-22.670	-4.966
-18.170	-4.966
-13.669	-4.966
-9.171	-4.966
-4.671	-4.966
-0.169	-4.966
4.320	-4.966
8.820	-4.966
13.319	-4.966
17.819	-4.966
22.320	-4.966
26.819	-4.966
31.319	-4.966
35.819	-4.966
40.318	-4.966
44.819	-4.966
-45.168	-0.468
-40.672	-0.468
-36.170	-0.468
-31.670	-0.468
-27.169	-0.468
-22.669	-0.468
-18.169	-0.468
-13.669	-0.468
-9.170	-0.468
-4.670	-0.468
-0.169	-0.468
4.320	-0.468
8.820	-0.468
13.319	-0.468
17.818	-0.468
22.318	-0.468
26.818	-0.468
31.318	-0.468
35.818	-0.468
40.318	-0.468
44.819	-0.468
-45.167	4.022
-40.670	4.022
-36.170	4.022
-31.670	4.022
-27.171	4.022
-22.670	4.022
-18.170	4.022
-13.671	4.022
-9.170	4.022
-4.671	4.022
-0.169	4.022
4.320	4.022
8.819	4.022
13.320	4.022
17.819	4.022
22.320	4.022
26.820	4.022
31.320	4.022
35.818	4.022
40.319	4.022
44.819	4.022
-45.167	8.523
-40.672	8.523
-36.171	8.523
-31.670	8.523
-27.171	8.523
-22.670	8.523
-18.169	8.523
-13.669	8.523
-9.171	8.523
-4.670	8.523
-0.170	8.523
4.321	8.523
8.819	8.523
13.320	8.523
17.819	8.523
22.320	8.523
26.818	8.523
31.320	8.523
35.819	8.523
40.320	8.523
44.820	8.523
-45.168	13.021
-40.671	13.021
-36.172	13.021
-31.672	13.021
-27.170	13.021
-22.670	13.021
-18.168	13.021
-13.670	13.021
-9.169	13.021
-4.670	13.021
-0.171	13.021
4.318	13.021
8.818	13.021
13.318	13.021
17.818	13.021
22.320	13.021
26.820	13.021
31.320	13.021
35.819	13.021
40.318	13.021
44.819	13.021
-45.167	17.523
-40.672	17.523
-36.171	17.523
-31.670	17.523
-27.171	17.523
-22.670	17.523
-18.169	17.523
-13.670	17.523
-9.170	17.523
-4.671	17.523
-0.169	17.523
4.318	17.523
8.819	17.523
13.320	17.523
17.819	17.523
22.320	17.523
26.819	17.523
31.318	17.523
35.818	17.523
40.319	17.523
44.819	17.523
-45.169	22.025
-40.670	22.025
-36.170	22.025
-31.669	22.025
-27.169	22.025
-22.669	22.025
-18.169	22.025
-13.669	22.025
-9.170	22.025
-4.671	22.025
-0.170	22.025
4.318	22.025
8.817	22.025
13.317	22.025
17.819	22.025
22.317	22.025
26.818	22.025
31.318	22.025
35.817	22.025
40.318	22.025
44.816	22.025
-45.167	26.525
-40.672	26.525
-36.170	26.525
-31.670	26.525
-27.172	26.525
-22.671	26.525
-18.171	26.525
-13.669	26.525
-9.169	26.525
-4.670	26.525
-0.170	26.525
4.317	26.525
8.818	26.525
13.320	26.525
17.820	26.525
22.320	26.525
26.818	26.525
31.320	26.525
35.820	26.525
40.318	26.525
44.821	26.525
-45.168	31.026
-40.671	31.026
-36.170	31.026
-31.671	31.026
-27.171	31.026
-22.669	31.026
-18.170	31.026
-13.670	31.026
-9.169	31.026
-4.669	31.026
-0.171	31.026
4.318	31.026
8.818	31.026
13.320	31.026
17.820	31.026
22.320	31.026
26.818	31.026
31.320	31.026
35.818	31.026
40.318	31.026
44.818	31.026
-45.167	35.525
-40.672	35.525
-36.169	35.525
-31.672	35.525
-27.169	35.525
-22.670	35.525
-18.170	35.525
-13.671	35.525
-9.170	35.525
-4.669	35.525
-0.169	35.525
4.317	35.525
8.819	35.525
13.320	35.525
17.818	35.525
22.318	35.525
26.820	35.525
31.318	35.525
35.819	35.525
40.318	35.525
44.818	35.525
-45.170	40.021
-40.670	40.021
-36.169	40.021
-31.671	40.021
-27.169	40.021
-22.670	40.021
-18.169	40.021
-13.670	40.021
-9.171	40.021
-4.671	40.021
-0.172	40.021
4.318	40.021
8.817	40.021
13.319	40.021
17.817	40.021
22.317	40.021
26.816	40.021
31.316	40.021
35.815	40.021
40.316	40.021
44.816	40.021
-45.166	44.521
-40.672	44.521
-36.171	44.521
-31.672	44.521
-27.171	44.521
-22.669	44.521
-18.171	44.521
-13.670	44.521
-9.170	44.521
-4.670	44.521
-0.171	44.521
4.319	44.521
8.818	44.521
13.319	44.521
17.819	44.521
22.318	44.521
26.819	44.521
31.320	44.521
35.817	44.521
40.319	44.521
44.819	44.521