index,x,y
1,-22.5,-40.5
2,-18,-40.5
3,-13.5,-40.5
4,-9,-40.5
5,-4.5,-40.5
6,0,-40.5
7,4.5,-40.5
8,9,-40.5
9,13.5,-40.5
10,18,-40.5
11,22.5,-40.5
12,-27,-36
13,-22.5,-36
14,-18,-36
15,-13.5,-36
16,-9,-36
17,-4.5,-36
18,0,-36
19,4.5,-36
20,9,-36
21,13.5,-36
22,18,-36
23,22.5,-36
24,27,-36
25,-31.5,-31.5
26,-27,-31.5
27,-22.5,-31.5
28,-18,-31.5
29,-13.5,-31.5
30,-9,-31.5
31,-4.5,-31.5
32,0,-31.5
33,4.5,-31.5
34,9,-31.5
35,13.5,-31.5
36,18,-31.5
37,22.5,-31.5
38,27,-31.5
39,31.5,-31.5
40,-36,-27
41,-31.5,-27
42,-27,-27
43,-22.5,-27
44,-18,-27
45,-13.5,-27
46,-9,-27
47,-4.5,-27
48,0,-27
49,4.5,-27
50,9,-27
51,13.5,-27
52,18,-27
53,22.5,-27
54,27,-27
55,31.5,-27
56,36,-27
57,-40.5,-22.5
58,-36,-22.5
59,-31.5,-22.5
60,-27,-22.5
61,-22.5,-22.5
62,-18,-22.5
63,-13.5,-22.5
64,-9,-22.5
65,-4.5,-22.5
66,0,-22.5
67,4.5,-22.5
68,9,-22.5
69,13.5,-22.5
70,18,-22.5
71,22.5,-22.5
72,27,-22.5
73,31.5,-22.5
74,36,-22.5
75,40.5,-22.5
76,-40.5,-18
77,-36,-18
78,-31.5,-18
79,-27,-18
80,-22.5,-18
81,-18,-18
82,-13.5,-18
83,-9,-18
84,-4.5,-18
85,0,-18
86,4.5,-18
87,9,-18
88,13.5,-18
89,18,-18
90,22.5,-18
91,27,-18
92,31.5,-18
93,36,-18
94,40.5,-18
95,-45,-13.5
96,-40.5,-13.5
97,-36,-13.5
98,-31.5,-13.5
99,-27,-13.5
100,-22.5,-13.5
101,-18,-13.5
102,-13.5,-13.5
103,-9,-13.5
104,-4.5,-13.5
105,0,-13.5
106,4.5,-13.5
107,9,-13.5
108,13.5,-13.5
109,18,-13.5
110,22.5,-13.5
111,27,-13.5
112,31.5,-13.5
113,36,-13.5
114,40.5,-13.5
115,45,-13.5
116,-45,-9
117,-40.5,-9
118,-36,-9
119,-31.5,-9
120,-27,-9
121,-22.5,-9
122,-18,-9
123,-13.5,-9
124,-9,-9
125,-4.5,-9
126,0,-9
127,4.5,-9
128,9,-9
129,13.5,-9
130,18,-9
131,22.5,-9
132,27,-9
133,31.5,-9
134,36,-9
135,40.5,-9
136,45,-9
137,-45,-4.5
138,-40.5,-4.5
139,-36,-4.5
140,-31.5,-4.5
141,-27,-4.5
142,-22.5,-4.5
143,-18,-4.5
144,-13.5,-4.5
145,-9,-4.5
146,-4.5,-4.5
147,0,-4.5
148,4.5,-4.5
149,9,-4.5
150,13.5,-4.5
151,18,-4.5
152,22.5,-4.5
153,27,-4.5
154,31.5,-4.5
155,36,-4.5
156,40.5,-4.5
157,45,-4.5
158,-45,0
159,-40.5,0
160,-36,0
161,-31.5,0
162,-27,0
163,-22.5,0
164,-18,0
165,-13.5,0
166,-9,0
167,-4.5,0
168,0,0
169,4.5,0
170,9,0
171,13.5,0
172,18,0
173,22.5,0
174,27,0
175,31.5,0
176,36,0
177,40.5,0
178,45,0
179,-45,4.5
180,-40.5,4.5
181,-36,4.5
182,-31.5,4.5
183,-27,4.5
184,-22.5,4.5
185,-18,4.5
186,-13.5,4.5
187,-9,4.5
188,-4.5,4.5
189,0,4.5
190,4.5,4.5
191,9,4.5
192,13.5,4.5
193,18,4.5
194,22.5,4.5
195,27,4.5
196,31.5,4.5
197,36,4.5
198,40.5,4.5
199,45,4.5
200,-45,9
201,-40.5,9
202,-36,9
203,-31.5,9
204,-27,9
205,-22.5,9
206,-18,9
207,-13.5,9
208,-9,9
209,-4.5,9
210,0,9
211,4.5,9
212,9,9
213,13.5,9
214,18,9
215,22.5,9
216,27,9
217,31.5,9
218,36,9
219,40.5,9
220,45,9
221,-45,13.5
222,-40.5,13.5
223,-36,13.5
224,-31.5,13.5
225,-27,13.5
226,-22.5,13.5
227,-18,13.5
228,-13.5,13.5
229,-9,13.5
230,-4.5,13.5
231,0,13.5
232,4.5,13.5
233,9,13.5
234,13.5,13.5
235,18,13.5
236,22.5,13.5
237,27,13.5
238,31.5,13.5
239,36,13.5
240,40.5,13.5
241,45,13.5
242,-40.5,18
243,-36,18
244,-31.5,18
245,-27,18
246,-22.5,18
247,-18,18
248,-13.5,18
249,-9,18
250,-4.5,18
251,0,18
252,4.5,18
253,9,18
254,13.5,18
255,18,18
256,22.5,18
257,27,18
258,31.5,18
259,36,18
260,40.5,18
261,-40.5,22.5
262,-36,22.5
263,-31.5,22.5
264,-27,22.5
265,-22.5,22.5
266,-18,22.5
267,-13.5,22.5
268,-9,22.5
269,-4.5,22.5
270,0,22.5
271,4.5,22.5
272,9,22.5
273,13.5,22.5
274,18,22.5
275,22.5,22.5
276,27,22.5
277,31.5,22.5
278,36,22.5
279,40.5,22.5
280,-36,27
281,-31.5,27
282,-27,27
283,-22.5,27
284,-18,27
285,-13.5,27
286,-9,27
287,-4.5,27
288,0,27
289,4.5,27
290,9,27
291,13.5,27
292,18,27
293,22.5,27
294,27,27
295,31.5,27
296,36,27
297,-31.5,31.5
298,-27,31.5
299,-22.5,31.5
300,-18,31.5
301,-13.5,31.5
302,-9,31.5
303,-4.5,31.5
304,0,31.5
305,4.5,31.5
306,9,31.5
307,13.5,31.5
308,18,31.5
309,22.5,31.5
310,27,31.5
311,31.5,31.5
312,-27,36
313,-22.5,36
314,-18,36
315,-13.5,36
316,-9,36
317,-4.5,36
318,0,36
319,4.5,36
320,9,36
321,13.5,36
322,18,36
323,22.5,36
324,27,36
325,-22.5,40.5
326,-18,40.5
327,-13.5,40.5
328,-9,40.5
329,-4.5,40.5
330,0,40.5
331,4.5,40.5
332,9,40.5
333,13.5,40.5
334,18,40.5
335,22.5,40.5
336,-13.5,45
337,-9,45
338,-4.5,45
339,0,45
340,4.5,45
341,9,45
342,13.5,45
