Spectrum	In stats.	X (mm)	Y (mm)	O	Si	Ru	Pd	Ag	Ta	Ir	Pt

Spectrum 1 {1}	Yes	-44.959	-41.223	0	0	0	0	0	0	0	0

Spectrum 1 {2}	Yes	-40.461	-41.223	67.24	32.76	0	0	0	0	0	0

Spectrum 1 {3}	Yes	-35.961	-41.223	66.12	33.88	0	0	0	0	0	0

Spectrum 1 {4}	Yes	-31.461	-41.223	66.06	32.38	0	0	0	0	1.57	0

Spectrum 1 {5}	Yes	-26.96	-41.223	0	57.84	13.55	6.25	5.36	1.36	11.72	3.92

Spectrum 1 {6}	Yes	-22.46	-41.223	0	56.76	13.36	6.7	5.4	1.52	12.25	4.02

Spectrum 1 {7}	Yes	-17.96	-41.223	3.67	54.88	12.29	6.79	5.06	1.29	11.9	4.11

Spectrum 1 {8}	Yes	-13.46	-41.223	0	56.31	12.25	7.86	5.02	1.81	12.45	4.31

Spectrum 1 {9}	Yes	-8.96	-41.223	2.97	55.18	11.22	7.67	4.67	1.37	12.44	4.48

Spectrum 1 {10}	Yes	-4.458	-41.223	0	56.23	11.16	8.65	4.95	1.53	12.73	4.76

Spectrum 1 {11}	Yes	0.028	-41.223	2.57	55.51	10.64	8.7	4.23	1.03	12.52	4.8

Spectrum 1 {12}	Yes	4.529	-41.223	0	57.51	10	9.84	4.65	0	12.9	5.11

Spectrum 1 {13}	Yes	9.029	-41.223	0	58.05	9.28	10.27	4.4	0	12.69	5.3

Spectrum 1 {14}	Yes	13.53	-41.223	0	58	9.26	10.55	4.09	0	12.72	5.38

Spectrum 1 {15}	Yes	18.029	-41.223	0	58.33	8.62	11.36	3.83	0	12.39	5.47

Spectrum 1 {16}	Yes	22.529	-41.223	0	58.56	7.9	11.71	3.71	0	12.33	5.79

Spectrum 1 {17}	Yes	27.029	-41.223	0	59.56	7.45	11.93	3.32	0	11.71	6.02

Spectrum 1 {18}	Yes	31.531	-41.223	57.86	42.14	0	0	0	0	0	0

Spectrum 1 {19}	Yes	36.03	-41.223	81.43	15.26	0	0	3.31	0	0	0

Spectrum 1 {20}	Yes	40.528	-41.223	66.84	33.16	0	0	0	0	0	0

Spectrum 1 {21}	Yes	45.028	-41.223	100	0	0	0	0	0	0	0

--	--	-44.959	-36.719	--	--	--	--	--	--	--	--

Spectrum 1 {22}	Yes	-40.459	-36.719	100	0	0	0	0	0	0	0

Spectrum 1 {23}	Yes	-35.961	-36.719	74.87	25.13	0	0	0	0	0	0

Spectrum 1 {24}	Yes	-31.461	-36.719	0	57.39	14.24	5.67	6.09	1.71	11.05	3.84

Spectrum 1 {25}	Yes	-26.961	-36.719	3.55	55.33	13.22	6.22	5.64	1.4	10.81	3.83

Spectrum 1 {26}	Yes	-22.459	-36.719	2.53	55.46	13.07	6.62	5.48	1.64	11.23	3.97

Spectrum 1 {27}	Yes	-17.96	-36.719	4.03	54.06	12.54	6.92	5.37	1.64	11.29	4.14

Spectrum 1 {28}	Yes	-13.459	-36.719	4.36	53.4	12.13	7.44	5.18	1.92	11.4	4.18

Spectrum 1 {29}	Yes	-8.96	-36.719	4.4	54.11	10.92	7.7	5.35	1.52	11.64	4.37

Spectrum 1 {30}	Yes	-4.46	-36.719	3.75	54.14	10.89	8.26	5.13	1.54	11.83	4.47

Spectrum 1 {31}	Yes	0.028	-36.719	3.18	54.97	10.21	8.59	4.9	1.41	11.99	4.75

Spectrum 1 {32}	Yes	4.528	-36.719	3.14	54.33	9.55	9.59	4.76	1.8	11.98	4.84

Spectrum 1 {33}	Yes	9.029	-36.719	3.08	54.82	9.26	10.09	4.57	1.2	11.9	5.08

Spectrum 1 {34}	Yes	13.53	-36.719	0	56.84	9.16	10.59	4.77	1.11	12.13	5.38

Spectrum 1 {35}	Yes	18.031	-36.719	2.9	55.63	8.19	11.12	4.45	0.64	11.67	5.4

Spectrum 1 {36}	Yes	22.529	-36.719	0	56.91	8.09	12.16	4.36	0.98	11.95	5.55

Spectrum 1 {37}	Yes	27.028	-36.719	3	56.44	7.33	12.31	3.99	0	11.24	5.69

Spectrum 1 {38}	Yes	31.53	-36.719	0	60.86	6.73	11.81	3.67	0	10.95	5.99

Spectrum 1 {39}	Yes	36.028	-36.719	71.04	28.96	0	0	0	0	0	0

Spectrum 1 {40}	Yes	40.528	-36.719	68.1	31.9	0	0	0	0	0	0

Spectrum 1 {41}	Yes	45.03	-36.719	63.5	36.5	0	0	0	0	0	0

--	--	-44.959	-32.219	--	--	--	--	--	--	--	--

Spectrum 1 {42}	Yes	-40.458	-32.219	66.27	33.73	0	0	0	0	0	0

Spectrum 1 {43}	Yes	-35.961	-32.219	2.59	57.14	14.27	5.48	6.48	1.37	8.89	3.79

Spectrum 1 {44}	Yes	-31.46	-32.219	3.08	55.32	13.98	5.85	6.32	1.61	9.88	3.96

Spectrum 1 {45}	Yes	-26.96	-32.219	3.87	54.74	13.45	6.16	5.96	1.62	10.38	3.82

Spectrum 1 {46}	Yes	-22.46	-32.219	4.3	53.76	13.01	6.38	5.75	2.02	10.6	4.19

Spectrum 1 {47}	Yes	-17.96	-32.219	4.73	53.86	12.17	7.05	5.94	1.66	10.36	4.23

Spectrum 1 {48}	Yes	-13.459	-32.219	3.7	54.08	11.83	7.56	5.65	1.73	10.86	4.59

Spectrum 1 {49}	Yes	-8.96	-32.219	3.01	54.32	11.22	7.89	5.78	1.87	11.24	4.67

Spectrum 1 {50}	Yes	-4.46	-32.219	0	56.29	11.16	8.77	5.67	1.62	11.59	4.9

Spectrum 1 {51}	Yes	0.029	-32.219	0	55.55	10.86	9.18	5.62	1.9	11.74	5.14

Spectrum 1 {52}	Yes	4.528	-32.219	0	55.92	10.1	9.56	5.56	1.8	11.77	5.3

Spectrum 1 {53}	Yes	9.029	-32.219	0	55.98	9.7	10.49	5.19	1.52	11.64	5.49

Spectrum 1 {54}	Yes	13.528	-32.219	0	56.61	9.13	10.67	5.19	1.3	11.68	5.41

Spectrum 1 {55}	Yes	18.03	-32.219	0	56.33	8.6	11.53	5.05	1.27	11.57	5.66

Spectrum 1 {56}	Yes	22.529	-32.219	0	56.61	8.17	12.29	4.89	0.97	11.27	5.8

Spectrum 1 {57}	Yes	27.03	-32.219	0	56.91	7.67	12.9	4.43	0.97	11.1	6.02

Spectrum 1 {58}	Yes	31.53	-32.219	0	57.25	7.45	13.19	4.57	0.66	10.82	6.05

Spectrum 1 {59}	Yes	36.029	-32.219	0	58.02	6.86	13.95	4.15	0	10.66	6.36

Spectrum 1 {60}	Yes	40.529	-32.219	68.43	31.57	0	0	0	0	0	0

Spectrum 1 {61}	Yes	45.03	-32.219	62.1	37.9	0	0	0	0	0	0

--	--	-44.959	-27.717	--	--	--	--	--	--	--	--

Spectrum 1 {62}	Yes	-40.458	-27.717	2.86	55.74	15.26	5.15	6.93	1.45	9.04	3.57

Spectrum 1 {63}	Yes	-35.961	-27.717	3.38	54.9	14.69	5.29	6.84	1.77	9.24	3.9

Spectrum 1 {64}	Yes	-31.46	-27.717	3.85	53.85	13.95	6.03	6.89	2.13	9.37	3.94

Spectrum 1 {65}	Yes	-26.96	-27.717	0	56.47	13.81	6.28	7.11	1.89	10.23	4.2

Spectrum 1 {66}	Yes	-22.459	-27.717	3.03	54.42	12.87	6.59	6.87	1.77	10.2	4.25

Spectrum 1 {67}	Yes	-17.96	-27.717	2.42	55.28	12.29	7	6.34	1.89	10.31	4.47

Spectrum 1 {68}	Yes	-13.459	-27.717	2.74	54.08	11.88	7.79	6.4	2.06	10.36	4.68

Spectrum 1 {69}	Yes	-8.959	-27.717	5.73	53.14	11.08	7.47	6.07	1.67	10.44	4.4

Spectrum 1 {70}	Yes	-4.458	-27.717	2.76	54.69	10.95	8.32	5.87	1.62	10.85	4.93

Spectrum 1 {71}	Yes	0.03	-27.717	3.63	53.72	10.13	9.15	5.66	1.98	10.64	5.1

Spectrum 1 {72}	Yes	4.53	-27.717	2.88	54.66	9.7	9.38	5.49	1.67	10.85	5.37

Spectrum 1 {73}	Yes	9.028	-27.717	3.45	53.54	9.42	9.66	5.72	1.96	10.89	5.35

Spectrum 1 {74}	Yes	13.529	-27.717	3.07	54.51	8.69	10.62	5.58	1.36	10.72	5.45

Spectrum 1 {75}	Yes	18.029	-27.717	2.48	55.05	8.31	11.1	5.08	1.39	10.85	5.73

Spectrum 1 {76}	Yes	22.531	-27.717	0	56.23	8.22	12.18	5.28	1.11	10.95	6.03

Spectrum 1 {77}	Yes	27.029	-27.717	2.98	54.81	7.45	12.39	4.89	1.04	10.35	6.09

Spectrum 1 {78}	Yes	31.53	-27.717	0	57.17	7.14	13.16	4.9	0.82	10.59	6.23

Spectrum 1 {79}	Yes	36.028	-27.717	2.7	55.14	6.71	13.7	4.5	1.05	9.91	6.28

Spectrum 1 {80}	Yes	40.53	-27.717	2.75	55.56	6.52	14.6	4.07	0.52	9.54	6.44

Spectrum 1 {81}	Yes	45.03	-27.717	61.3	38.7	0	0	0	0	0	0

--	--	-44.959	-23.217	--	--	--	--	--	--	--	--

Spectrum 1 {82}	Yes	-40.459	-23.217	3.47	55.08	14.93	5.19	7.42	1.85	8.26	3.81

Spectrum 1 {83}	Yes	-35.962	-23.217	3.26	54.95	14.52	5.5	7.55	1.74	8.5	3.98

Spectrum 1 {84}	Yes	-31.461	-23.217	4.2	54.47	13.58	5.66	7.39	1.87	8.82	4

Spectrum 1 {85}	Yes	-26.96	-23.217	3.08	54.68	13.45	6.21	7.25	1.84	9.27	4.22

Spectrum 1 {86}	Yes	-22.458	-23.217	4.19	53.53	12.8	6.74	7	2.07	9.34	4.33

Spectrum 1 {87}	Yes	-17.959	-23.217	3.44	54.92	12.01	6.81	6.94	1.66	9.61	4.61

Spectrum 1 {88}	Yes	-13.459	-23.217	3.57	53.71	11.51	7.88	6.67	2.06	9.76	4.83

Spectrum 1 {89}	Yes	-8.96	-23.217	0	55.93	11.82	8.11	6.79	1.86	10.48	5.02

Spectrum 1 {90}	Yes	-4.458	-23.217	2.84	54.24	10.62	8.75	6.37	1.88	10.19	5.11

Spectrum 1 {91}	Yes	0.029	-23.217	2.62	53.79	10.33	9.27	6.63	1.85	10.11	5.4

Spectrum 1 {92}	Yes	4.528	-23.217	2.81	53.79	9.65	9.8	6.13	1.99	10.43	5.39

Spectrum 1 {93}	Yes	9.029	-23.217	0	55.79	9.61	10.31	6.07	1.75	10.61	5.86

Spectrum 1 {94}	Yes	13.529	-23.217	0	55.85	9	11.34	5.88	1.64	10.58	5.72

Spectrum 1 {95}	Yes	18.031	-23.217	2.92	54.17	8.25	11.22	5.44	1.82	10.27	5.91

Spectrum 1 {96}	Yes	22.53	-23.217	0	55.27	8.26	12.21	5.68	1.68	10.71	6.18

Spectrum 1 {97}	Yes	27.03	-23.217	4.21	53.44	7.31	12.16	5.24	1.58	9.86	6.21

Spectrum 1 {98}	Yes	31.53	-23.217	2.83	55.13	7.03	12.82	4.89	1.12	9.82	6.37

Spectrum 1 {99}	Yes	36.03	-23.217	0	56.73	6.88	14.06	4.91	0.99	9.73	6.7

Spectrum 1 {100}	Yes	40.53	-23.217	3.49	54.53	6.05	14.44	4.61	1.1	9.24	6.54

Spectrum 1 {101}	Yes	45.031	-23.217	61.04	38.96	0	0	0	0	0	0

--	--	-44.959	-18.716	--	--	--	--	--	--	--	--

Spectrum 1 {102}	Yes	-40.458	-18.716	0	56.99	15.23	5.31	8.43	1.87	8.15	4.02

Spectrum 1 {103}	Yes	-35.96	-18.716	3.2	54.27	14.6	5.31	7.97	2.13	8.19	4.32

Spectrum 1 {104}	Yes	-31.462	-18.716	3.59	54.59	13.67	6.03	7.74	1.76	8.45	4.18

Spectrum 1 {105}	Yes	-26.961	-18.716	4.39	53.57	12.88	6.21	7.59	2.19	8.75	4.42

Spectrum 1 {106}	Yes	-22.46	-18.716	4.96	53.03	12.55	6.56	7.56	1.95	8.76	4.63

Spectrum 1 {107}	Yes	-17.96	-18.716	3.53	54.5	11.88	7.25	7.3	1.89	8.97	4.68

Spectrum 1 {108}	Yes	-13.46	-18.716	4.12	53.83	11.52	7.12	7.27	1.89	9.29	4.96

Spectrum 1 {109}	Yes	-8.96	-18.716	2.57	54.52	11.26	7.76	7.11	2.08	9.59	5.11

Spectrum 1 {110}	Yes	-4.458	-18.716	3.88	53.91	10.37	8.34	6.84	1.77	9.67	5.22

Spectrum 1 {111}	Yes	0.028	-18.716	3.68	53.58	9.9	8.94	6.7	2.04	9.71	5.46

Spectrum 1 {112}	Yes	4.529	-18.716	3.35	54.05	9.46	9.29	6.54	1.88	9.87	5.55

Spectrum 1 {113}	Yes	9.028	-18.716	2.78	54.04	9.31	9.86	6.23	1.96	10.01	5.82

Spectrum 1 {114}	Yes	13.529	-18.716	2.62	54.23	8.76	10.72	6.06	1.74	9.87	5.99

Spectrum 1 {115}	Yes	18.03	-18.716	3.88	53.42	8.46	10.88	6.13	1.54	9.54	6.16

Spectrum 1 {116}	Yes	22.53	-18.716	0	55.82	8.08	12.02	5.88	1.53	10.19	6.47

Spectrum 1 {117}	Yes	27.03	-18.716	0	55.4	7.66	12.83	5.87	1.76	9.74	6.74

Spectrum 1 {118}	Yes	31.53	-18.716	3.53	53.92	7.1	13.17	5.47	1.09	9.24	6.48

Spectrum 1 {119}	Yes	36.03	-18.716	3.54	53.62	6.7	13.4	5.19	1.58	9.09	6.87

Spectrum 1 {120}	Yes	40.53	-18.716	2.57	55.07	6.35	14.37	4.44	1.28	8.93	6.98

Spectrum 1 {121}	Yes	45.028	-18.716	2.85	54.91	6.11	14.63	4.48	1.37	8.64	7.02

--	--	-44.959	-14.22	--	--	--	--	--	--	--	--

Spectrum 1 {122}	Yes	-40.459	-14.22	3.08	55.2	14.85	5.1	8.53	1.75	7.42	4.07

Spectrum 1 {123}	Yes	-35.96	-14.22	4.67	53.55	13.98	5.66	8.51	1.92	7.66	4.04

Spectrum 1 {124}	Yes	-31.46	-14.22	4.08	54.12	13.55	5.69	8.19	2.04	7.94	4.4

Spectrum 1 {125}	Yes	-26.962	-14.22	4.31	54.16	12.83	6.22	8.14	1.61	8.25	4.47

Spectrum 1 {126}	Yes	-22.46	-14.22	3.91	54.2	12.38	6.57	8.22	1.67	8.29	4.77

Spectrum 1 {127}	Yes	-17.96	-14.22	3.68	53.56	11.94	6.82	8.06	2.3	8.7	4.94

Spectrum 1 {128}	Yes	-13.46	-14.22	0	55.7	11.9	7.73	8.22	2	9.23	5.23

Spectrum 1 {129}	Yes	-8.959	-14.22	4.05	53.09	10.89	7.95	7.62	2.12	9.08	5.21

Spectrum 1 {130}	Yes	-4.459	-14.22	3.99	52.74	10.51	8.71	7.33	2.32	8.99	5.43

Spectrum 1 {131}	Yes	0.03	-14.22	4.39	53.35	9.83	8.71	7.11	1.85	9.22	5.56

Spectrum 1 {132}	Yes	4.528	-14.22	3.79	52.8	9.54	9.53	7.09	2.15	9.33	5.78

Spectrum 1 {133}	Yes	9.028	-14.22	2.9	53.64	9.02	9.96	6.97	2.12	9.31	6.07

Spectrum 1 {134}	Yes	13.529	-14.22	2.43	54.16	8.78	10.65	6.46	1.81	9.41	6.3

Spectrum 1 {135}	Yes	18.029	-14.22	2.5	54.43	8.31	11.12	6.25	1.62	9.46	6.31

Spectrum 1 {136}	Yes	22.53	-14.22	3.22	53.42	7.67	11.74	6.24	1.99	9.16	6.56

Spectrum 1 {137}	Yes	27.028	-14.22	2.96	53.77	7.44	12.29	5.97	1.67	9.29	6.61

Spectrum 1 {138}	Yes	31.53	-14.22	0	55.8	7.22	13.5	5.66	1.35	9.25	7.23

Spectrum 1 {139}	Yes	36.028	-14.22	3.3	53.45	6.74	13.41	5.37	1.65	9.05	7.02

Spectrum 1 {140}	Yes	40.53	-14.22	3.42	54.26	6.17	13.91	5.18	1.39	8.36	7.31

Spectrum 1 {141}	Yes	45.03	-14.22	3.31	54.34	6.07	14.62	4.7	1.47	8.15	7.34

--	--	-44.959	-9.715	--	--	--	--	--	--	--	--

Spectrum 1 {142}	Yes	-40.459	-9.715	4.34	53.89	14.05	5.15	9.41	1.88	7.05	4.23

Spectrum 1 {143}	Yes	-35.961	-9.715	4.74	53.38	13.68	5.4	9.41	1.98	7.24	4.17

Spectrum 1 {144}	Yes	-31.46	-9.715	3.03	54.45	13.52	5.75	9.19	1.91	7.54	4.62

Spectrum 1 {145}	Yes	-26.961	-9.715	3.11	54.47	12.85	6.42	8.92	1.75	7.84	4.64

Spectrum 1 {146}	Yes	-22.461	-9.715	3.95	53.56	12.45	6.37	8.55	2.17	7.99	4.96

Spectrum 1 {147}	Yes	-17.958	-9.715	4.75	52.72	11.67	7	8.48	2.08	8.06	5.23

Spectrum 1 {148}	Yes	-13.459	-9.715	3.08	54.06	11.6	7.29	8.28	1.95	8.47	5.26

Spectrum 1 {149}	Yes	-8.959	-9.715	4.21	53.12	10.69	7.69	8.2	2.13	8.45	5.52

Spectrum 1 {150}	Yes	-4.459	-9.715	2.74	53.8	10.25	8.78	7.67	2.05	8.81	5.91

Spectrum 1 {151}	Yes	0.03	-9.715	3.53	53.45	9.76	8.61	7.78	2.15	8.85	5.87

Spectrum 1 {152}	Yes	4.529	-9.715	2.67	54.31	9.38	9.25	7.38	1.76	9.13	6.13

Spectrum 1 {153}	Yes	9.029	-9.715	4.14	53.08	9.06	9.73	7.04	1.95	8.79	6.22

Spectrum 1 {154}	Yes	13.53	-9.715	2.56	53.52	8.58	10.21	7.17	2.22	9.13	6.61

Spectrum 1 {155}	Yes	18.029	-9.715	3.26	53.45	7.95	11.1	6.64	2.02	8.94	6.64

Spectrum 1 {156}	Yes	22.531	-9.715	2.45	53.98	7.83	11.77	6.41	1.9	8.79	6.87

Spectrum 1 {157}	Yes	27.028	-9.715	3.43	53.32	7.4	12.33	6.22	1.62	8.5	7.19

Spectrum 1 {158}	Yes	31.529	-9.715	3.66	52.72	6.99	12.74	6.07	2.03	8.54	7.25

Spectrum 1 {159}	Yes	36.028	-9.715	3.87	53.21	6.39	13.59	5.54	1.71	8.35	7.34

Spectrum 1 {160}	Yes	40.528	-9.715	3.37	54.15	6.38	13.64	5.29	1.45	8.19	7.54

Spectrum 1 {161}	Yes	45.029	-9.715	3.33	54.61	5.92	14.3	5.19	1.24	7.88	7.53

--	--	-44.959	-5.219	--	--	--	--	--	--	--	--

Spectrum 1 {162}	Yes	-40.457	-5.219	4.18	53.66	14.01	5.24	10.12	1.85	6.65	4.29

Spectrum 1 {163}	Yes	-35.961	-5.219	4.36	53.52	13.65	5.45	9.85	1.81	6.9	4.47

Spectrum 1 {164}	Yes	-31.459	-5.219	5.18	52.6	13.05	5.68	9.67	2.09	7.13	4.6

Spectrum 1 {165}	Yes	-26.961	-5.219	3.95	53.66	12.58	6.28	9.47	1.81	7.28	4.97

Spectrum 1 {166}	Yes	-22.461	-5.219	4.55	53.28	12.1	6.59	9.16	1.83	7.43	5.05

Spectrum 1 {167}	Yes	-17.961	-5.219	4.97	52.75	11.55	6.96	8.92	1.88	7.73	5.24

Spectrum 1 {168}	Yes	-13.46	-5.219	3.88	53.01	11.3	7.2	8.79	2.26	8.03	5.51

Spectrum 1 {169}	Yes	-8.96	-5.219	3.2	53.19	10.67	7.62	8.87	2.34	8.4	5.71

Spectrum 1 {170}	Yes	-4.46	-5.219	3.95	53.11	10.11	8.19	8.26	2.21	8.14	6.04

Spectrum 1 {171}	Yes	0.03	-5.219	5.21	52.64	9.48	8.44	8.03	1.9	8.24	6.06

Spectrum 1 {172}	Yes	4.529	-5.219	4.32	52.86	9.45	8.92	8.01	1.76	8.29	6.39

Spectrum 1 {173}	Yes	9.03	-5.219	4.79	52.93	8.55	9.56	7.36	2.01	8.2	6.59

Spectrum 1 {174}	Yes	13.53	-5.219	4.55	52.34	8.42	10.17	7.11	2.32	8.43	6.66

Spectrum 1 {175}	Yes	18.029	-5.219	3.14	53.73	7.95	10.97	7.13	1.74	8.42	6.91

Spectrum 1 {176}	Yes	22.529	-5.219	4.28	53.6	7.42	10.98	6.97	1.44	8.43	6.89

Spectrum 1 {177}	Yes	27.03	-5.219	3.69	52.83	7.16	12.16	6.74	1.97	8.08	7.38

Spectrum 1 {178}	Yes	31.53	-5.219	0	54.88	7.11	12.93	6.7	2	8.68	7.71

Spectrum 1 {179}	Yes	36.027	-5.219	3.62	53.59	6.77	12.73	6.1	1.52	7.99	7.67

Spectrum 1 {180}	Yes	40.53	-5.219	0	55.05	6.65	14.29	5.84	2.02	8	8.14

Spectrum 1 {181}	Yes	45.03	-5.219	0	56	6.05	14.46	5.56	1.72	7.94	8.27

--	--	-44.959	-0.717	--	--	--	--	--	--	--	--

Spectrum 1 {182}	Yes	-40.458	-0.717	3.93	54.19	13.75	5	10.5	1.57	6.45	4.6

Spectrum 1 {183}	Yes	-35.961	-0.717	5.66	52.59	13.49	5.19	10.07	1.85	6.51	4.64

Spectrum 1 {184}	Yes	-31.461	-0.717	3.78	53.9	12.93	5.72	10.37	1.7	6.72	4.88

Spectrum 1 {185}	Yes	-26.962	-0.717	4.75	52.66	12.44	6.03	9.96	1.98	7.05	5.13

Spectrum 1 {186}	Yes	-22.46	-0.717	3.43	53.23	11.99	6.3	10.18	2.28	7.18	5.41

Spectrum 1 {187}	Yes	-17.959	-0.717	3.39	53.22	11.67	6.89	9.66	2.21	7.29	5.68

Spectrum 1 {188}	Yes	-13.46	-0.717	4.87	53.2	10.86	6.98	9.14	1.79	7.46	5.7

Spectrum 1 {189}	Yes	-8.959	-0.717	3.14	53.36	10.57	7.77	9.16	2.05	7.77	6.19

Spectrum 1 {190}	Yes	-4.46	-0.717	3.63	53.55	10.02	7.97	8.93	1.94	7.76	6.19

Spectrum 1 {191}	Yes	0.028	-0.717	2.6	53.71	9.74	8.71	8.77	2.07	7.9	6.5

Spectrum 1 {192}	Yes	4.53	-0.717	2.5	53.99	9.17	9.26	8.41	2.03	7.87	6.76

Spectrum 1 {193}	Yes	9.029	-0.717	3.5	52.36	9.06	9.73	7.92	2.49	7.99	6.96

Spectrum 1 {194}	Yes	13.529	-0.717	2.71	53.42	8.31	10.49	7.76	1.98	7.98	7.34

Spectrum 1 {195}	Yes	18.029	-0.717	2.82	53.41	7.89	10.97	7.55	2.07	8.06	7.23

Spectrum 1 {196}	Yes	22.528	-0.717	3.94	53.26	7.46	11.09	7.09	1.76	8.08	7.32

Spectrum 1 {197}	Yes	27.03	-0.717	2.56	53.86	7.11	12.05	7.26	1.8	7.83	7.53

Spectrum 1 {198}	Yes	31.53	-0.717	3.23	53.46	6.65	12.35	6.67	2.03	7.66	7.96

Spectrum 1 {199}	Yes	36.028	-0.717	2.94	54.04	6.66	13.04	6.21	1.53	7.64	7.95

Spectrum 1 {200}	Yes	40.53	-0.717	2.74	53.85	6.03	13.67	6.29	1.77	7.46	8.2

Spectrum 1 {201}	Yes	45.03	-0.717	0	56.12	5.85	14.41	5.78	1.71	7.46	8.67

--	--	-44.959	3.773	--	--	--	--	--	--	--	--

Spectrum 1 {202}	Yes	-40.457	3.773	2.93	53.56	13.62	5.08	11.77	2.14	6.1	4.79

Spectrum 1 {203}	Yes	-35.961	3.773	2.49	54.71	13.03	5.61	11.39	1.56	6.31	4.89

Spectrum 1 {204}	Yes	-31.46	3.773	3.31	53.65	12.55	5.95	10.91	2.05	6.49	5.09

Spectrum 1 {205}	Yes	-26.961	3.773	4.83	52.94	12.07	5.83	10.79	1.76	6.64	5.14

Spectrum 1 {206}	Yes	-22.46	3.773	4.16	53.23	11.58	6.37	10.52	1.89	6.73	5.51

Spectrum 1 {207}	Yes	-17.96	3.773	3.81	52.73	11.38	6.81	10.3	2.16	6.97	5.84

Spectrum 1 {208}	Yes	-13.459	3.773	4.23	53.09	10.36	7.27	10.09	1.96	7.01	5.98

Spectrum 1 {209}	Yes	-8.96	3.773	4.06	52.96	10.29	7.45	9.8	2.12	7.09	6.24

Spectrum 1 {210}	Yes	-4.46	3.773	2.63	53.54	10.14	8.03	9.35	2.23	7.49	6.58

Spectrum 1 {211}	Yes	0.03	3.773	0	55.11	9.78	8.61	9.65	2.06	7.82	6.96

Spectrum 1 {212}	Yes	4.529	3.773	5.21	52.54	8.89	8.64	8.71	1.87	7.34	6.78

Spectrum 1 {213}	Yes	9.029	3.773	3.23	53.4	8.54	9.44	8.61	2	7.57	7.21

Spectrum 1 {214}	Yes	13.529	3.773	3.26	53.45	8.25	9.68	8.25	2.01	7.69	7.41

Spectrum 1 {215}	Yes	18.03	3.773	3.91	53.21	7.65	10.45	7.8	1.73	7.72	7.53

Spectrum 1 {216}	Yes	22.528	3.773	3	53.35	7.38	11.28	7.69	1.94	7.58	7.78

Spectrum 1 {217}	Yes	27.03	3.773	0	55.79	7.19	11.89	7.46	1.75	7.73	8.18

Spectrum 1 {218}	Yes	31.53	3.773	3.68	52.94	6.71	11.99	7	2.08	7.36	8.23

Spectrum 1 {219}	Yes	36.03	3.773	2.53	54.52	6.37	12.58	6.43	1.6	7.52	8.46

Spectrum 1 {220}	Yes	40.529	3.773	2.88	53.43	6.09	13.17	6.5	2.03	7.17	8.73

Spectrum 1 {221}	Yes	45.03	3.773	0	55.64	5.87	14.29	6.1	1.95	7.14	9.02

--	--	-44.959	8.274	--	--	--	--	--	--	--	--

Spectrum 1 {222}	Yes	-40.457	8.274	3.52	53.99	13.17	4.86	12.19	1.66	5.76	4.86

Spectrum 1 {223}	Yes	-35.961	8.274	3.1	53.62	13.14	5.17	11.97	2.03	5.93	5.04

Spectrum 1 {224}	Yes	-31.462	8.274	3.56	53.31	12.64	5.59	11.64	1.99	6.07	5.21

Spectrum 1 {225}	Yes	-26.96	8.274	3.33	53.59	11.98	6.04	11.59	1.77	6.23	5.48

Spectrum 1 {226}	Yes	-22.459	8.274	5.22	52.49	11.12	6.29	10.82	1.99	6.25	5.83

Spectrum 1 {227}	Yes	-17.96	8.274	3.19	53.55	10.97	6.8	11	1.76	6.73	6

Spectrum 1 {228}	Yes	-13.46	8.274	3.26	53.58	10.4	6.93	10.86	1.86	6.95	6.16

Spectrum 1 {229}	Yes	-8.96	8.274	0	54.89	10.41	7.82	10.73	2.24	7.25	6.67

Spectrum 1 {230}	Yes	-4.459	8.274	2.6	54.07	9.71	8.01	10.07	1.76	7.05	6.75

Spectrum 1 {231}	Yes	0.029	8.274	3.26	53.09	9.25	8.26	9.84	2	7.19	7.1

Spectrum 1 {232}	Yes	4.529	8.274	2.78	53.81	8.67	8.76	9.54	2.06	7.28	7.1

Spectrum 1 {233}	Yes	9.03	8.274	3.09	53.14	8.8	9.29	8.77	2.07	7.24	7.61

Spectrum 1 {234}	Yes	13.529	8.274	3.4	53.17	7.91	9.74	8.49	2.15	7.41	7.73

Spectrum 1 {235}	Yes	18.03	8.274	3.71	52.35	7.96	10.41	8.29	2.17	7.25	7.86

Spectrum 1 {236}	Yes	22.531	8.274	0	55.21	8.04	10.97	8.22	1.74	7.56	8.26

Spectrum 1 {237}	Yes	27.029	8.274	0	55.21	7.34	11.66	7.72	2.06	7.47	8.54

Spectrum 1 {238}	Yes	31.53	8.274	0	55.27	6.65	12.58	7.57	1.8	7.15	8.98

Spectrum 1 {239}	Yes	36.028	8.274	2.98	54.05	6.38	12.22	6.95	1.66	6.79	8.97

Spectrum 1 {240}	Yes	40.53	8.274	3.96	53.1	6.2	12.83	6.53	1.79	6.73	8.85

Spectrum 1 {241}	Yes	45.031	8.274	0	55.56	5.85	13.95	6.21	2.06	6.95	9.42

--	--	-44.959	12.771	--	--	--	--	--	--	--	--

Spectrum 1 {242}	Yes	-40.458	12.771	5.4	52.23	12.74	4.87	12.6	1.84	5.35	4.97

Spectrum 1 {243}	Yes	-35.96	12.771	3.7	52.8	12.83	5.34	12.73	1.84	5.51	5.25

Spectrum 1 {244}	Yes	-31.46	12.771	3.2	52.96	12.38	5.27	12.71	2.1	5.8	5.58

Spectrum 1 {245}	Yes	-26.96	12.771	3.25	53.31	11.64	5.81	12.29	1.94	6	5.77

Spectrum 1 {246}	Yes	-22.46	12.771	4	52.92	11.27	6.07	11.77	2.07	5.99	5.9

Spectrum 1 {247}	Yes	-17.96	12.771	3.8	52.89	10.67	6.49	11.63	2.06	6.18	6.27

Spectrum 1 {248}	Yes	-13.459	12.771	0	55.33	10.75	7.1	11.55	2.02	6.51	6.75

Spectrum 1 {249}	Yes	-8.96	12.771	2.66	53.97	10.23	7.35	10.75	1.7	6.6	6.75

Spectrum 1 {250}	Yes	-4.459	12.771	3.51	53.21	9.46	7.84	10.49	1.87	6.64	6.97

Spectrum 1 {251}	Yes	0.029	12.771	4.26	52.58	9.05	8.23	10.04	1.99	6.51	7.34

Spectrum 1 {252}	Yes	4.529	12.771	0	55.23	9.16	8.74	10.22	1.89	7.02	7.74

Spectrum 1 {253}	Yes	9.029	12.771	0	54.85	8.71	9.32	9.7	2.2	7.02	8.19

Spectrum 1 {254}	Yes	13.529	12.771	3.16	54.23	8	9.46	8.7	1.52	6.9	8.04

Spectrum 1 {255}	Yes	18.029	12.771	3.7	52.86	7.76	9.89	8.47	2.16	6.84	8.31

Spectrum 1 {256}	Yes	22.529	12.771	4.13	53.02	7.12	10.32	8.08	2.2	6.69	8.44

Spectrum 1 {257}	Yes	27.029	12.771	2.75	53.84	6.86	10.83	8.11	1.9	6.85	8.85

Spectrum 1 {258}	Yes	31.531	12.771	0	54.89	7.2	11.99	7.69	2.01	6.97	9.24

Spectrum 1 {259}	Yes	36.028	12.771	3.56	53.86	6.33	11.74	6.99	1.73	6.53	9.26

Spectrum 1 {260}	Yes	40.528	12.771	0	55.35	6.14	13	6.93	2.06	6.8	9.72

Spectrum 1 {261}	Yes	45.03	12.771	2.53	54.57	5.54	12.96	6.73	1.86	6.25	9.56

--	--	-44.959	17.272	--	--	--	--	--	--	--	--

Spectrum 1 {262}	Yes	-40.456	17.272	0	55.38	13.02	5.09	14.22	1.7	5.28	5.31

Spectrum 1 {263}	Yes	-35.96	17.272	4.97	52.74	11.91	4.81	13.19	1.8	5.2	5.37

Spectrum 1 {264}	Yes	-31.46	17.272	4.52	52.28	11.72	5.25	13.25	1.91	5.44	5.63

Spectrum 1 {265}	Yes	-26.961	17.272	3.89	52.67	11.54	5.59	12.83	1.98	5.63	5.86

Spectrum 1 {266}	Yes	-22.459	17.272	0	55.08	11.27	6.32	13.01	1.9	5.94	6.48

Spectrum 1 {267}	Yes	-17.96	17.272	3.35	52.85	10.42	6.3	12.29	2.23	6.03	6.54

Spectrum 1 {268}	Yes	-13.46	17.272	4.08	52.96	9.97	7.08	11.66	1.59	6.16	6.51

Spectrum 1 {269}	Yes	-8.96	17.272	4.65	52.6	9.54	7.1	11.43	1.89	5.98	6.81

Spectrum 1 {270}	Yes	-4.459	17.272	4.25	52.74	9.19	7.58	11.01	1.99	6.09	7.15

Spectrum 1 {271}	Yes	0.028	17.272	3.44	53.58	8.94	7.95	10.54	1.72	6.39	7.43

Spectrum 1 {272}	Yes	4.529	17.272	3.56	52.92	8.64	8.21	10.02	2.26	6.42	7.96

Spectrum 1 {273}	Yes	9.029	17.272	4.65	52.29	8.1	8.95	9.7	2.1	6.38	7.83

Spectrum 1 {274}	Yes	13.53	17.272	3.22	52.74	8.06	9.54	9.4	2.16	6.41	8.47

Spectrum 1 {275}	Yes	18.029	17.272	3.61	53.29	7.56	9.56	8.91	1.94	6.54	8.59

Spectrum 1 {276}	Yes	22.528	17.272	3.23	53.26	7.41	9.83	8.65	2.17	6.53	8.92

Spectrum 1 {277}	Yes	27.028	17.272	0	54.14	7.49	11.12	8.55	2.34	6.96	9.4

Spectrum 1 {278}	Yes	31.528	17.272	3.04	53.76	6.46	11.11	7.93	1.9	6.37	9.43

Spectrum 1 {279}	Yes	36.03	17.272	4.13	53.04	6.08	11.46	7.61	1.93	6.2	9.54

Spectrum 1 {280}	Yes	40.53	17.272	0	55.66	6.16	12.39	7.19	2.01	6.31	10.29

Spectrum 1 {281}	Yes	45.03	17.272	0	55.58	5.72	12.99	6.63	2.56	6.07	10.46

--	--	-44.959	21.776	--	--	--	--	--	--	--	--

Spectrum 1 {282}	Yes	-40.459	21.776	3.92	52.41	12.58	4.68	14.45	1.85	4.84	5.27

Spectrum 1 {283}	Yes	-35.96	21.776	0	54.34	12.54	5.21	14.95	1.9	5.32	5.75

Spectrum 1 {284}	Yes	-31.461	21.776	3.81	53.42	11.35	5.38	13.75	1.38	5.23	5.69

Spectrum 1 {285}	Yes	-26.961	21.776	4.83	52.23	10.83	5.5	13.65	1.7	5.21	6.04

Spectrum 1 {286}	Yes	-22.461	21.776	3.51	52.94	10.9	5.93	13.29	1.74	5.41	6.28

Spectrum 1 {287}	Yes	-17.96	21.776	3.97	53.02	10.01	6.23	12.84	1.52	5.6	6.8

Spectrum 1 {288}	Yes	-13.46	21.776	3.64	52.95	9.78	6.5	12.57	1.77	5.65	7.14

Spectrum 1 {289}	Yes	-8.959	21.776	3.78	53.06	9.57	6.97	11.89	1.72	5.74	7.28

Spectrum 1 {290}	Yes	-4.459	21.776	3.97	52.48	9.48	7.17	11.47	2.1	5.82	7.51

Spectrum 1 {291}	Yes	0.03	21.776	0	53.61	9.18	8.44	11.73	2.65	6.2	8.2

Spectrum 1 {292}	Yes	4.529	21.776	2.84	53.77	8.59	8.29	10.48	1.83	6.05	8.17

Spectrum 1 {293}	Yes	9.029	21.776	2.85	53.39	8.28	8.68	10.46	1.73	6.19	8.42

Spectrum 1 {294}	Yes	13.529	21.776	3.19	53.49	7.42	9.24	10.2	1.83	6.02	8.61

Spectrum 1 {295}	Yes	18.03	21.776	3.7	53.34	7.06	9.39	9.29	1.94	6.27	9.01

Spectrum 1 {296}	Yes	22.53	21.776	3.88	53.33	6.91	9.77	8.93	1.8	6.12	9.24

Spectrum 1 {297}	Yes	27.03	21.776	3.66	52.99	6.78	10.34	8.44	2.14	6.11	9.54

Spectrum 1 {298}	Yes	31.528	21.776	0	55.45	6.87	10.97	8.22	1.95	6.38	10.15

Spectrum 1 {299}	Yes	36.03	21.776	2.94	53.42	6.26	11.33	7.57	2.24	5.9	10.33

Spectrum 1 {300}	Yes	40.53	21.776	0	55.08	5.78	12.13	7.55	2.59	5.92	10.94

Spectrum 1 {301}	Yes	45.032	21.776	75.29	24.71	0	0	0	0	0	0

--	--	-44.959	26.272	--	--	--	--	--	--	--	--

Spectrum 1 {302}	Yes	-40.457	26.272	3.37	53.18	12.05	4.56	15.42	1.43	4.58	5.42

Spectrum 1 {303}	Yes	-35.962	26.272	0	54.04	12.35	4.92	15.66	2	4.86	6.18

Spectrum 1 {304}	Yes	-31.462	26.272	2.55	53.1	11.81	5.15	14.52	1.75	4.95	6.18

Spectrum 1 {305}	Yes	-26.962	26.272	4.26	52.2	10.76	5.51	14.22	1.93	4.81	6.31

Spectrum 1 {306}	Yes	-22.46	26.272	4.16	52.11	10.49	5.68	14.11	1.97	5.01	6.48

Spectrum 1 {307}	Yes	-17.961	26.272	3.81	52.07	10.27	6.25	13.51	1.96	5.27	6.86

Spectrum 1 {308}	Yes	-13.46	26.272	3.68	51.72	9.94	6.49	13.09	2.33	5.42	7.34

Spectrum 1 {309}	Yes	-8.96	26.272	3.18	53.24	9.28	6.88	12.7	1.72	5.57	7.43

Spectrum 1 {310}	Yes	-4.459	26.272	0	55.1	9.19	7.6	12.59	1.58	5.82	8.13

Spectrum 1 {311}	Yes	0.03	26.272	3.03	52.13	8.56	7.71	11.98	2.56	5.75	8.29

Spectrum 1 {312}	Yes	4.529	26.272	3.4	53	8.33	8.05	11.07	2.07	5.78	8.3

Spectrum 1 {313}	Yes	9.029	26.272	4.93	51.7	7.85	8.21	10.78	2.24	5.71	8.58

Spectrum 1 {314}	Yes	13.529	26.272	3.73	52.47	7.85	8.84	10.06	2.14	5.68	9.22

Spectrum 1 {315}	Yes	18.029	26.272	0	54.87	7.41	9.83	10.34	1.79	6.01	9.75

Spectrum 1 {316}	Yes	22.528	26.272	3.97	53.42	6.88	9.57	9.18	1.75	5.66	9.58

Spectrum 1 {317}	Yes	27.03	26.272	0	55.4	6.73	10.5	9.2	1.91	5.93	10.34

Spectrum 1 {318}	Yes	31.53	26.272	4.21	53.04	6.38	10.43	8.3	1.82	5.61	10.22

Spectrum 1 {319}	Yes	36.028	26.272	4.01	53.67	5.87	10.97	7.87	1.8	5.47	10.32

Spectrum 1 {320}	Yes	40.53	26.272	3.36	53.63	5.6	11.48	7.4	2.44	5.3	10.79

Spectrum 1 {321}	Yes	45.028	26.272	69.85	30.15	0	0	0	0	0	0

--	--	-44.959	30.776	--	--	--	--	--	--	--	--

Spectrum 1 {322}	Yes	-40.459	30.776	83.25	15.95	0	0	0	0.8	0	0

Spectrum 1 {323}	Yes	-35.961	30.776	4.93	51.38	11.41	4.59	15.52	1.78	4.51	5.88

Spectrum 1 {324}	Yes	-31.462	30.776	2.96	52.05	11.37	5.3	15.59	1.89	4.6	6.25

Spectrum 1 {325}	Yes	-26.961	30.776	3.39	52.21	10.66	5.26	15.09	1.87	4.84	6.68

Spectrum 1 {326}	Yes	-22.46	30.776	3.71	51.38	10.11	5.82	15.08	2.08	4.84	6.97

Spectrum 1 {327}	Yes	-17.961	30.776	3.13	52.17	9.91	6	14.48	2.11	5.08	7.12

Spectrum 1 {328}	Yes	-13.461	30.776	2.53	52.33	9.51	6.47	14.01	2.29	5.18	7.68

Spectrum 1 {329}	Yes	-8.959	30.776	2.74	53.69	9.26	6.63	13.15	1.57	5.2	7.77

Spectrum 1 {330}	Yes	-4.458	30.776	3.41	53.05	8.81	7.09	12.62	1.68	5.29	8.04

Spectrum 1 {331}	Yes	0.028	30.776	0	54.46	8.59	7.83	12.63	2.09	5.57	8.82

Spectrum 1 {332}	Yes	4.528	30.776	0	55.13	8.12	7.99	12.2	1.96	5.51	9.09

Spectrum 1 {333}	Yes	9.03	30.776	3.21	53.11	7.63	8.18	11.29	1.99	5.38	9.2

Spectrum 1 {334}	Yes	13.53	30.776	0	55.08	7.59	8.92	11.32	1.88	5.73	9.48

Spectrum 1 {335}	Yes	18.031	30.776	2.7	53.53	6.78	8.98	10.46	1.99	5.55	10.01

Spectrum 1 {336}	Yes	22.531	30.776	3.17	53.83	6.96	9.14	9.55	1.74	5.44	10.17

Spectrum 1 {337}	Yes	27.03	30.776	3.44	53.68	6.36	9.9	9.31	1.64	5.41	10.27

Spectrum 1 {338}	Yes	31.53	30.776	3.27	53.1	5.99	10.36	8.76	2.43	5.3	10.79

Spectrum 1 {339}	Yes	36.03	30.776	3.68	54.56	5.71	10.32	7.94	1.88	5.16	10.76

Spectrum 1 {340}	Yes	40.53	30.776	71.99	28.01	0	0	0	0	0	0

Spectrum 1 {341}	Yes	45.028	30.776	71.4	28.6	0	0	0	0	0	0

--	--	-44.959	35.276	--	--	--	--	--	--	--	--

Spectrum 1 {342}	Yes	-40.459	35.276	75.4	24.6	0	0	0	0	0	0

Spectrum 1 {343}	Yes	-35.961	35.276	84.55	13.92	0	0	1.52	0	0	0

Spectrum 1 {344}	Yes	-31.461	35.276	2.45	53.74	10.37	4.98	15.7	1.79	4.42	6.54

Spectrum 1 {345}	Yes	-26.96	35.276	4.2	51.5	10.38	5.12	15.54	1.98	4.51	6.76

Spectrum 1 {346}	Yes	-22.46	35.276	3.57	52.07	10.05	5.42	15.3	1.83	4.67	7.09

Spectrum 1 {347}	Yes	-17.96	35.276	4.04	52.46	9.49	5.8	14.68	1.54	4.69	7.29

Spectrum 1 {348}	Yes	-13.459	35.276	5.53	51.19	9.28	5.83	14.08	1.78	4.79	7.52

Spectrum 1 {349}	Yes	-8.959	35.276	4	51.74	9.15	6.5	13.87	1.97	4.85	7.92

Spectrum 1 {350}	Yes	-4.459	35.276	2.92	52.61	8.62	6.73	13.33	2.16	5.18	8.45

Spectrum 1 {351}	Yes	0.031	35.276	2.98	53.19	8.14	7.43	12.77	1.73	4.98	8.78

Spectrum 1 {352}	Yes	4.528	35.276	3.84	52.41	7.89	7.59	12.2	2.01	5.11	8.95

Spectrum 1 {353}	Yes	9.03	35.276	0	55.01	7.87	7.8	12.11	1.96	5.42	9.83

Spectrum 1 {354}	Yes	13.53	35.276	0	55.12	7.53	8.59	11.46	1.72	5.36	10.23

Spectrum 1 {355}	Yes	18.03	35.276	3.41	53.59	6.62	8.76	10.43	1.81	5.21	10.18

Spectrum 1 {356}	Yes	22.528	35.276	3.69	52.9	6.74	8.76	10.13	2.07	5.24	10.47

Spectrum 1 {357}	Yes	27.029	35.276	4.07	53.99	5.89	9.49	9.31	1.59	5.13	10.53

Spectrum 1 {358}	Yes	31.531	35.276	2.58	54.36	6.09	9.76	9.04	2.09	5.04	11.05

Spectrum 1 {359}	Yes	36.03	35.276	83.39	12.66	0	0	0	3.95	0	0

Spectrum 1 {360}	Yes	40.53	35.276	79.99	14.02	1.52	0	3.18	1.29	0	0

Spectrum 1 {361}	Yes	45.029	35.276	73.36	25.34	0	0	1.31	0	0	0

--	--	-44.959	39.774	--	--	--	--	--	--	--	--

Spectrum 1 {362}	Yes	-40.458	39.774	76.1	23.9	0	0	0	0	0	0

Spectrum 1 {363}	Yes	-35.962	39.774	76.04	23.96	0	0	0	0	0	0

Spectrum 1 {364}	Yes	-31.461	39.774	84.71	14.56	0	0	0.73	0	0	0

Spectrum 1 {365}	Yes	-26.96	39.774	7.05	59.52	7.54	3.8	11.91	1.75	3.51	4.92

Spectrum 1 {366}	Yes	-22.46	39.774	0	53.54	10.29	5.59	16.61	1.87	4.56	7.54

Spectrum 1 {367}	Yes	-17.96	39.774	3.37	52.13	9.41	5.74	15.52	1.65	4.52	7.66

Spectrum 1 {368}	Yes	-13.46	39.774	3.95	51.53	8.94	6.12	15.12	1.88	4.41	8.05

Spectrum 1 {369}	Yes	-8.96	39.774	3.13	53.26	8.49	6.28	14.34	1.6	4.6	8.29

Spectrum 1 {370}	Yes	-4.458	39.774	3.29	52.45	8.37	6.65	13.81	1.82	4.83	8.79

Spectrum 1 {371}	Yes	0.028	39.774	4.35	52.13	7.92	6.9	13.36	1.74	4.63	8.97

Spectrum 1 {372}	Yes	4.529	39.774	4.42	52.68	7.46	7.28	12.26	1.54	5	9.36

Spectrum 1 {373}	Yes	9.029	39.774	3.64	52.39	7.39	7.6	12.04	2.11	4.88	9.95

Spectrum 1 {374}	Yes	13.53	39.774	4.43	52.87	6.83	7.82	11.46	1.6	4.82	10.16

Spectrum 1 {375}	Yes	18.029	39.774	5.04	52.79	6.69	8.08	10.54	1.8	4.69	10.38

Spectrum 1 {376}	Yes	22.529	39.774	2.79	53.91	6.11	8.88	10.55	1.78	4.82	11.14

Spectrum 1 {377}	Yes	27.029	39.774	4.05	53.75	5.85	9.01	9.68	1.94	4.5	11.22

Spectrum 1 {378}	Yes	31.53	39.774	74.69	25.31	0	0	0	0	0	0

Spectrum 1 {379}	Yes	36.028	39.774	76.4	23.6	0	0	0	0	0	0

Spectrum 1 {380}	Yes	40.529	39.774	83.2	16.8	0	0	0	0	0	0

Spectrum 1 {381}	Yes	45.031	39.774	0	0	0	0	0	0	0	0

--	--	-44.959	44.268	--	--	--	--	--	--	--	--

Spectrum 1 {382}	Yes	-40.457	44.268	93.12	0	0	0	0	6.88	0	0

Spectrum 1 {383}	Yes	-35.962	44.268	72.81	27.19	0	0	0	0	0	0

Spectrum 1 {384}	Yes	-31.462	44.268	72.85	27.15	0	0	0	0	0	0

Spectrum 1 {385}	Yes	-26.961	44.268	69.36	30.64	0	0	0	0	0	0

Spectrum 1 {386}	Yes	-22.46	44.268	0	0	0	0	31.92	68.08	0	0

Spectrum 1 {387}	Yes	-17.961	44.268	4.22	51.27	8.99	5.31	16.01	2.03	4.22	7.95

Spectrum 1 {388}	Yes	-13.459	44.268	2.94	52.62	8.7	5.86	15.8	1.62	4.32	8.15

Spectrum 1 {389}	Yes	-8.959	44.268	2.89	52.52	8.46	6.09	15.34	1.74	4.46	8.5

Spectrum 1 {390}	Yes	-4.459	44.268	3.27	52.37	8.04	6.53	14.36	2	4.34	9.09

Spectrum 1 {391}	Yes	0.03	44.268	4.41	51.72	7.48	6.8	13.75	2.11	4.56	9.16

Spectrum 1 {392}	Yes	4.529	44.268	3.3	53.15	7.39	6.78	13.06	1.79	4.62	9.9

Spectrum 1 {393}	Yes	9.028	44.268	3.33	53.17	7.17	7.2	12.46	1.9	4.66	10.11

Spectrum 1 {394}	Yes	13.529	44.268	3.52	52.89	6.81	7.62	11.91	2.15	4.48	10.62

Spectrum 1 {395}	Yes	18.029	44.268	3.7	53.71	6.41	7.8	11.11	1.83	4.5	10.94

Spectrum 1 {396}	Yes	22.531	44.268	77.35	22.65	0	0	0	0	0	0

Spectrum 1 {397}	Yes	27.028	44.268	72.46	27.54	0	0	0	0	0	0

Spectrum 1 {398}	Yes	31.53	44.268	72.62	27.38	0	0	0	0	0	0

Spectrum 1 {399}	Yes	36.029	44.268	73.49	26.51	0	0	0	0	0	0

Spectrum 1 {400}	Yes	40.528	44.268	0	0	0	0	0	0	0	0

Spectrum 1 {401}	Yes	45.03	44.268	0	0	0	0	0	0	0	0

