6.584
6.567
6.551
6.534
6.518
6.501
6.485
6.469
6.453
6.437
6.421
6.405
6.389
6.374
6.358
6.343
6.327
6.312
6.296
6.281
6.266
6.251
6.236
6.221
6.206
6.191
6.177
6.162
6.147
6.133
6.119
6.104
6.090
6.076
6.061
6.047
6.033
6.019
6.005
5.992
5.978
5.964
5.950
5.937
5.923
5.910
5.897
5.883
5.870
5.857
5.844
5.830
5.817
5.804
5.791
5.779
5.766
5.753
5.740
5.728
5.715
5.703
5.690
5.678
5.665
5.653
5.641
5.629
5.617
5.604
5.592
5.580
5.568
5.557
5.545
5.533
5.521
5.510
5.498
5.486
5.475
5.463
5.452
5.441
5.429
5.418
5.407
5.395
5.384
5.373
5.362
5.351
5.340
5.329
5.318
5.308
5.297
5.286
5.275
5.265
5.254
5.244
5.233
5.223
5.212
5.202
5.191
5.181
5.171
5.161
5.150
5.140
5.130
5.120
5.110
5.100
5.090
5.080
5.070
5.060
5.051
5.041
5.031
5.022
5.012
5.002
4.993
4.983
4.974
4.964
4.955
4.945
4.936
4.927
4.917
4.908
4.899
4.890
4.881
4.872
4.863
4.854
4.845
4.836
4.827
4.818
4.809
4.800
4.791
4.782
4.774
4.765
4.756
4.748
4.739
4.731
4.722
4.713
4.705
4.697
4.688
4.680
4.671
4.663
4.655
4.646
4.638
4.630
4.622
4.614
4.606
4.597
4.589
4.581
4.573
4.565
4.557
4.549
4.542
4.534
4.526
4.518
4.510
4.503
4.495
4.487
4.479
4.472
4.464
4.457
4.449
4.441
4.434
4.426
4.419
4.411
4.404
4.397
4.389
4.382
4.375
4.367
4.360
4.353
4.346
4.338
4.331
4.324
4.317
4.310
4.303
4.296
4.289
4.282
4.275
4.268
4.261
4.254
4.247
4.240
4.233
4.226
4.220
4.213
4.206
4.199
4.193
4.186
4.179
4.173
4.166
4.159
4.153
4.146
4.140
4.133
4.127
4.120
4.114
4.107
4.101
4.095
4.088
4.082
4.075
4.069
4.063
4.057
4.050
4.044
4.038
4.032
4.026
4.019
4.013
4.007
4.001
3.995
3.989
3.983
3.977
3.971
3.965
3.959
3.953
3.947
3.941
3.935
3.929
3.923
3.917
3.912
3.906
3.900
3.894
3.888
3.883
3.877
3.871
3.866
3.860
3.854
3.849
3.843
3.837
3.832
3.826
3.821
3.815
3.810
3.804
3.799
3.793
3.788
3.782
3.777
3.771
3.766
3.761
3.755
3.750
3.745
3.739
3.734
3.729
3.723
3.718
3.713
3.708
3.702
3.697
3.692
3.687
3.682
3.677
3.672
3.666
3.661
3.656
3.651
3.646
3.641
3.636
3.631
3.626
3.621
3.616
3.611
3.606
3.601
3.596
3.591
3.587
3.582
3.577
3.572
3.567
3.562
3.558
3.553
3.548
3.543
3.538
3.534
3.529
3.524
3.520
3.515
3.510
3.506
3.501
3.496
3.492
3.487
3.482
3.478
3.473
3.469
3.464
3.460
3.455
3.451
3.446
3.442
3.437
3.433
3.428
3.424
3.419
3.415
3.410
3.406
3.402
3.397
3.393
3.389
3.384
3.380
3.376
3.371
3.367
3.363
3.358
3.354
3.350
3.346
3.341
3.337
3.333
3.329
3.325
3.320
3.316
3.312
3.308
3.304
3.300
3.296
3.292
3.287
3.283
3.279
3.275
3.271
3.267
3.263
3.259
3.255
3.251
3.247
3.243
3.239
3.235
3.231
3.227
3.223
3.219
3.216
3.212
3.208
3.204
3.200
3.196
3.192
3.188
3.185
3.181
3.177
3.173
3.169
3.166
3.162
3.158
3.154
3.151
3.147
3.143
3.139
3.136
3.132
3.128
3.125
3.121
3.117
3.114
3.110
3.106
3.103
3.099
3.095
3.092
3.088
3.085
3.081
3.077
3.074
3.070
3.067
3.063
3.060
3.056
3.053
3.049
3.046
3.042
3.039
3.035
3.032
3.028
3.025
3.021
3.018
3.015
3.011
3.008
3.004
3.001
2.997
2.994
2.991
2.987
2.984
2.981
2.977
2.974
2.971
2.967
2.964
2.961
2.957
2.954
2.951
2.948
2.944
2.941
2.938
2.935
2.931
2.928
2.925
2.922
2.918
2.915
2.912
2.909
2.906
2.903
2.899
2.896
2.893
2.890
2.887
2.884
2.881
2.877
2.874
2.871
2.868
2.865
2.862
2.859
2.856
2.853
2.850
2.847
2.844
2.841
2.838
2.835
2.832
2.829
2.826
2.823
2.820
2.817
2.814
2.811
2.808
2.805
2.802
2.799
2.796
2.793
2.790
2.787
2.784
2.781
2.778
2.776
2.773
2.770
2.767
2.764
2.761
2.758
2.755
2.753
2.750
2.747
2.744
2.741
2.738
2.736
2.733
2.730
2.727
2.725
2.722
2.719
2.716
2.713
2.711
2.708
2.705
2.702
2.700
2.697
2.694
2.692
2.689
2.686
2.683
2.681
2.678
2.675
2.673
2.670
2.667
2.665
2.662
2.659
2.657
2.654
2.651
2.649
2.646
2.644
2.641
2.638
2.636
2.633
2.631
2.628
2.625
2.623
2.620
2.618
2.615
2.613
2.610
2.608
2.605
2.602
2.600
2.597
2.595
2.592
2.590
2.587
2.585
2.582
2.580
2.577
2.575
2.572
2.570
2.568
2.565
2.563
2.560
2.558
2.555
2.553
2.550
2.548
2.546
2.543
2.541
2.538
2.536
2.534
2.531
2.529
2.526
2.524
2.522
2.519
2.517
2.515
2.512
2.510
2.507
2.505
2.503
2.500
2.498
2.496
2.493
2.491
2.489
2.487
2.484
2.482
2.480
2.477
2.475
2.473
2.471
2.468
2.466
2.464
2.461
2.459
2.457
2.455
2.452
2.450
2.448
2.446
2.444
2.441
2.439
2.437
2.435
2.432
2.430
2.428
2.426
2.424
2.422
2.419
2.417
2.415
2.413
2.411
2.408
2.406
2.404
2.402
2.400
2.398
2.396
2.393
2.391
2.389
2.387
2.385
2.383
2.381
2.379
2.377
2.374
2.372
2.370
2.368
2.366
2.364
2.362
2.360
2.358
2.356
2.354
2.352
2.350
2.348
2.345
2.343
2.341
2.339
2.337
2.335
2.333
2.331
2.329
2.327
2.325
2.323
2.321
2.319
2.317
2.315
2.313
2.311
2.309
2.307
2.305
2.303
2.301
2.299
2.298
2.296
2.294
2.292
2.290
2.288
2.286
2.284
2.282
2.280
2.278
2.276
2.274
2.272
2.270
2.269
2.267
2.265
2.263
2.261
2.259
2.257
2.255
2.253
2.251
2.250
2.248
2.246
2.244
2.242
2.240
2.238
2.237
2.235
2.233
2.231
2.229
2.227
2.226
2.224
2.222
2.220
2.218
2.216
2.215
2.213
2.211
2.209
2.207
2.206
2.204
2.202
2.200
2.198
2.197
2.195
2.193
2.191
2.189
2.188
2.186
2.184
2.182
2.181
2.179
2.177
2.175
2.174
2.172
2.170
2.168
2.167
2.165
2.163
2.162
2.160
2.158
2.156
2.155
2.153
2.151
2.150
2.148
2.146
2.144
2.143
2.141
2.139
2.138
2.136
2.134
2.133
2.131
2.129
2.128
2.126
2.124
2.123
2.121
2.119
2.118
2.116
2.114
2.113
2.111
2.109
2.108
2.106
2.104
2.103
2.101
2.100
2.098
2.096
2.095
2.093
2.092
2.090
2.088
2.087
2.085
2.083
2.082
2.080
2.079
2.077
2.076
2.074
2.072
2.071
2.069
2.068
2.066
2.064
2.063
2.061
2.060
2.058
2.057
2.055
2.054
2.052
2.050
2.049
2.047
2.046
2.044
2.043
2.041
2.040
2.038
2.037
2.035
2.034
2.032
2.031
2.029
2.028
2.026
2.025
2.023
2.022
2.020
2.019
2.017
2.016
2.014
2.013
2.011
2.010
2.008
2.007
2.005
2.004
2.002
2.001
1.999
1.998
1.996
1.995
1.993
1.992
1.991
1.989
1.988
1.986
1.985
1.983
1.982
1.980
1.979
1.978
1.976
1.975
1.973
1.972
1.970
1.969
1.968
1.966
1.965
1.963
1.962
1.960
1.959
1.958
1.956
1.955
1.953
1.952
1.951
1.949
1.948
1.947
1.945
1.944
1.942
1.941
1.940
1.938
1.937
1.935
1.934
1.933
1.931
1.930
1.929
1.927
1.926
1.925
1.923
1.922
1.921
1.919
1.918
1.916
1.915
1.914
1.912
1.911
1.910
1.908
1.907
1.906
1.904
1.903
1.902
1.901
1.899
1.898
1.897
1.895
1.894
1.893
1.891
1.890
1.889
1.887
1.886
1.885
1.884
1.882
1.881
1.880
1.878
1.877
1.876
1.874
1.873
1.872
1.871
1.869
1.868
1.867
1.866
1.864
1.863
1.862
1.861
1.859
1.858
1.857
1.855
1.854
1.853
1.852
1.850
1.849
1.848
1.847
1.845
1.844
1.843
1.842
1.841
1.839
1.838
1.837
1.836
1.834
1.833
1.832
1.831
1.830
1.828
1.827
1.826
1.825
1.823
1.822
1.821
1.820
1.819
1.817
1.816
1.815
1.814
1.813
1.811
1.810
1.809
1.808
1.807
1.805
1.804
1.803
1.802
1.801
1.800
1.798
1.797
1.796
1.795
1.794
1.793
1.791
1.790
1.789
1.788
1.787
1.786
1.784
1.783
1.782
1.781
1.780
1.779
1.778
1.776
1.775
1.774
1.773
1.772
1.771
1.770
1.768
1.767
1.766
1.765
1.764
1.763
1.762
1.760
1.759
1.758
1.757
1.756
1.755
1.754
1.753
1.752
1.750
1.749
1.748
1.747
1.746
1.745
1.744
1.743
1.742
1.740
1.739
1.738
1.737
1.736
1.735
1.734
1.733
1.732
1.731
1.730
1.729
1.727
1.726
1.725
1.724
1.723
1.722
1.721
1.720
1.719
1.718
1.717
1.716
1.715
1.714
1.712
1.711
1.710
1.709
1.708
1.707
1.706
1.705
1.704
1.703
1.702
1.701
1.700
1.699
1.698
1.697
1.696
1.695
1.694
1.693
1.692
1.690
1.689
1.688
1.687
1.686
1.685
1.684
1.683
1.682
1.681
1.680
1.679
1.678
1.677
1.676
1.675
1.674
1.673
1.672
1.671
1.670
1.669
1.668
1.667
1.666
1.665
1.664
1.663
1.662
1.661
1.660
1.659
1.658
1.657
1.656
1.655
1.654
1.653
1.652
1.651
1.650
1.649
1.648
1.647
1.646
1.645
1.644
1.643
1.642
1.641
1.641
1.640
1.639
1.638
1.637
1.636
1.635
1.634
1.633
1.632
1.631
1.630
1.629
1.628
1.627
1.626
1.625
1.624
1.623
1.622
1.621
1.620
1.619
1.619
1.618
1.617
1.616
1.615
1.614
1.613
1.612
1.611
1.610
1.609
1.608
1.607
1.606
1.605
1.605
1.604
1.603
1.602
1.601
1.600
1.599
1.598
1.597
1.596
1.595
1.594
1.594
1.593
1.592
1.591
1.590
1.589
1.588
1.587
1.586
1.585
1.585
1.584
1.583
1.582
1.581
1.580
1.579
1.578
1.577
1.576
1.576
1.575
1.574
1.573
1.572
1.571
1.570
1.569
1.568
1.568
1.567
1.566
1.565
1.564
1.563
1.562
1.561
1.561
1.560
1.559
1.558
1.557
1.556
1.555
1.555
1.554
1.553
1.552
1.551
1.550
1.549
1.549
1.548
1.547
1.546
1.545
1.544
1.543
1.543
1.542
1.541
1.540
1.539
1.538
1.537
1.537
1.536
1.535
1.534
1.533
1.532
1.532
1.531
1.530
1.529
1.528
1.527
1.527
1.526
1.525
1.524
1.523
1.522
1.522
1.521
1.520
1.519
1.518
1.517
1.517
1.516
1.515
1.514
1.513
1.513
1.512
1.511
1.510
1.509
1.509
1.508
1.507
1.506
1.505
1.504
1.504
1.503
1.502
1.501
1.500
1.500
1.499
1.498
1.497
1.496
1.496
1.495
1.494
1.493
1.492
1.492
1.491
1.490
1.489
1.489
1.488
1.487
1.486
1.485
1.485
1.484
1.483
1.482
1.481
1.481
1.480
1.479
1.478
1.478
1.477
1.476
1.475
1.475
1.474
1.473
1.472
1.471
1.471
1.470
1.469
1.468
1.468
1.467
1.466
1.465
1.465
1.464
1.463
1.462
1.462
1.461
1.460
1.459
1.458
1.458
1.457
1.456
1.455
1.455
1.454
1.453
1.452
1.452
1.451
1.450
1.450
1.449
1.448
1.447
1.447
1.446
1.445
1.444
1.444
1.443
1.442
1.441
1.441
1.440
1.439
1.438
1.438
1.437
1.436
1.436
1.435
1.434
1.433
1.433
1.432
1.431
1.430
1.430
1.429
1.428
1.428
1.427
1.426
1.425
1.425
1.424
1.423
1.423
1.422
1.421
1.420
1.420
1.419
1.418
1.418
1.417
1.416
1.415
1.415
1.414
1.413
1.413
1.412
1.411
1.410
1.410
1.409
1.408
1.408
1.407
1.406
1.406
1.405
1.404
1.404
1.403
1.402
1.401
1.401
1.400
1.399
1.399
1.398
1.397
1.397
1.396
1.395
1.395
1.394
1.393
1.392
1.392
1.391
1.390
1.390
1.389
1.388
1.388
1.387
1.386
1.386
1.385
1.384
1.384
1.383
1.382
1.382
1.381
1.380
1.380
1.379
1.378
1.378
1.377
1.376
1.376
1.375
1.374
1.374
1.373
1.372
1.372
1.371
1.370
1.370
1.369
1.368
1.368
1.367
1.366
1.366
1.365
1.364
1.364
1.363
1.362
1.362
1.361
1.361
1.360
1.359
1.359
1.358
1.357
1.357
1.356
1.355
1.355
1.354
1.353
1.353
1.352
1.352
1.351
1.350
1.350
1.349
1.348
1.348
1.347
1.346
1.346
1.345
1.345
1.344
1.343
1.343
1.342
1.341
1.341
1.340
1.339
1.339
1.338
1.338
1.337
1.336
1.336
1.335
1.334
1.334
1.333
1.333
1.332
1.331
1.331
1.330
1.330
1.329
1.328
1.328
1.327
1.326
1.326
1.325
1.325
1.324
1.323
1.323
1.322
1.322
1.321
1.320
1.320
1.319
1.318
1.318
1.317
1.317
1.316
1.315
1.315
1.314
1.314
1.313
1.312
1.312
1.311
1.311
1.310
1.309
1.309
1.308
1.308
1.307
1.306
1.306
1.305
1.305
1.304
1.304
1.303
1.302
1.302
1.301
1.301
1.300
1.299
1.299
1.298
1.298
1.297
1.296
1.296
1.295
1.295
1.294
1.294
1.293
1.292
1.292
1.291
1.291
1.290
1.289
1.289
1.288
1.288
1.287
1.287
1.286
1.285
1.285
1.284
1.284
1.283
1.283
1.282
1.281
1.281
1.280
1.280
1.279
1.279
1.278
1.277
1.277
1.276
1.276
1.275
1.275
1.274
1.274
1.273
1.272
1.272
1.271
1.271
1.270
1.270
1.269
1.268
1.268
1.267
1.267
1.266
1.266
1.265
1.265
1.264
1.263
1.263
1.262
1.262
1.261
1.261
1.260
1.260
1.259
1.259
1.258
1.257
1.257
1.256
1.256
1.255
1.255
1.254
1.254
1.253
1.253
1.252
1.251
1.251
1.250
1.250
1.249
1.249
1.248
1.248
1.247
1.247
1.246
1.246
1.245
1.244
1.244
1.243
1.243
1.242
1.242
1.241
1.241
1.240
1.240
1.239
1.239
1.238
1.238
1.237
1.236
1.236
1.235
1.235
1.234
1.234
1.233
1.233
1.232
1.232
1.231
1.231
1.230
1.230
1.229
1.229
1.228
1.228
1.227
1.227
1.226
1.226
1.225
1.224
1.224
1.223
1.223
1.222
1.222
1.221
1.221
1.220
1.220
1.219
1.219
1.218
1.218
1.217
1.217
1.216
1.216
1.215
1.215
1.214
1.214
1.213
1.213
1.212
1.212
1.211
1.211
1.210
1.210
1.209
1.209
1.208
1.208
1.207
1.207
1.206
1.206
1.205
1.205
1.204
1.204
1.203
1.203
1.202
1.202
1.201
1.201
1.200
1.200
1.199
1.199
1.198
1.198
1.197
1.197
1.196
1.196
1.195
1.195
1.194
1.194
1.193
1.193
1.192
1.192
1.191
1.191
1.190
1.190
1.189
1.189
1.189
1.188
1.188
1.187
1.187
1.186
1.186
1.185
1.185
1.184
1.184
1.183
1.183
1.182
1.182
1.181
1.181
1.180
1.180
1.179
1.179
1.178
1.178
1.178
1.177
1.177
1.176
1.176
1.175
1.175
1.174
1.174
1.173
1.173
1.172
1.172
1.171
1.171
1.170
1.170
1.170
1.169
1.169
1.168
1.168
1.167
1.167
1.166
1.166
1.165
1.165
1.164
1.164
1.164
1.163
1.163
1.162
1.162
1.161
1.161
1.160
1.160
1.159
1.159
1.158
1.158
1.158
1.157
1.157
1.156
1.156
1.155
1.155
1.154
1.154
1.153
1.153
1.153
1.152
1.152
1.151
1.151
1.150
1.150
1.149
1.149
1.148
1.148
1.148
1.147
1.147
1.146
1.146
1.145
1.145
1.144
1.144
1.144
1.143
1.143
1.142
1.142
1.141
1.141
1.140
1.140
1.140
1.139
1.139
1.138
1.138
1.137
1.137
1.137
1.136
1.136
1.135
1.135
1.134
1.134
1.133
1.133
1.133
1.132
1.132
1.131
1.131
1.130
1.130
1.130
1.129
1.129
1.128
1.128
1.127
1.127
1.127
1.126
1.126
1.125
1.125
1.124
1.124
1.124
1.123
1.123
1.122
1.122
1.121
1.121
1.121
1.120
1.120
1.119
1.119
1.118
1.118
1.118
1.117
1.117
1.116
1.116
